50 62 60 
32 30 31 
16 17 72 
8 58 9 
53 35 36 
46 45 26 
1 18 37 
29 40 28 
19 38 37 
31 30 36 
39 40 41 
23 24 44 
75 2 3 
37 38 42 
37 42 2 
38 39 41 
60 49 61 
32 42 41 
53 52 34 
50 49 32 
68 67 59 
62 63 68 
58 57 9 
67 66 57 
54 56 64 
56 12 11 
63 66 67 
64 53 54 
36 30 43 
19 18 69 
48 36 43 
24 23 21 
70 21 20 
20 19 69 
20 38 19 
1 37 2 
18 19 37 
70 20 69 
21 38 20 
21 39 38 
21 22 39 
39 22 40 
21 70 24 
35 31 36 
40 22 28 
34 31 35 
30 32 41 
29 30 40 
31 33 32 
23 43 28 
43 30 29 
75 1 2 
69 18 1 
75 3 4 
2 42 3 
38 41 42 
40 30 41 
50 32 33 
3 42 32 
49 4 3 
32 49 3 
60 59 7 
49 50 61 
64 52 53 
1 75 69 
8 59 58 
4 5 75 
4 49 5 
5 6 75 
5 49 6 
6 7 75 
6 49 60 
6 60 7 
61 50 60 
7 8 74 
7 59 8 
60 68 59 
50 33 51 
52 51 34 
34 35 53 
60 62 68 
50 51 62 
33 34 51 
33 31 34 
64 63 52 
62 51 52 
68 63 67 
62 52 63 
36 54 53 
66 63 64 
36 48 47 
65 55 56 
67 58 59 
57 10 9 
8 9 74 
13 14 72 
7 74 75 
9 10 74 
67 57 58 
66 64 56 
10 11 74 
10 57 11 
11 12 73 
11 57 56 
11 73 74 
15 55 47 
66 56 57 
56 55 12 
54 65 56 
54 36 65 
13 55 14 
65 36 55 
12 13 73 
12 55 13 
15 16 72 
46 17 16 
26 25 70 
13 72 73 
71 27 26 
44 43 23 
29 28 43 
45 48 44 
47 55 36 
46 47 45 
46 15 47 
14 15 72 
14 55 15 
17 27 71 
22 23 28 
22 21 23 
25 24 70 
44 48 43 
25 44 24 
45 47 48 
25 45 44 
25 26 45 
17 46 27 
16 15 46 
71 26 70 
27 46 26 
17 71 72 
