228 135
230 146
231 156
234 166
239 175
247 182
256 187
264 192
274 193
283 190
291 184
298 177
305 169
308 159
309 148
309 137
308 125
232 125
236 118
242 116
250 116
258 118
272 117
280 113
288 111
296 112
301 117
266 125
266 130
267 136
268 142
260 147
264 148
269 148
273 147
277 146
242 129
246 127
251 126
255 129
251 129
246 130
278 126
282 123
287 122
291 124
287 125
283 126
253 163
258 158
264 155
270 156
275 155
283 155
290 160
284 170
277 174
272 175
266 174
259 171
255 163
265 158
270 158
275 157
288 160
276 169
271 170
265 170
