427 179
426 187
426 195
427 203
431 210
436 215
441 220
446 224
451 226
457 226
465 223
473 220
479 216
484 210
487 204
488 197
490 189
432 170
437 167
442 167
447 169
451 173
464 177
469 176
474 177
478 179
481 182
456 184
456 188
455 192
454 196
448 199
450 200
453 202
456 201
459 201
438 179
442 178
446 179
449 184
444 183
441 181
465 187
468 185
471 186
474 188
471 188
468 188
442 204
446 204
451 204
453 205
456 205
461 207
466 208
460 213
455 214
452 214
449 214
445 211
443 205
450 207
453 207
456 208
464 208
456 211
453 210
450 210
