114 90
112 104
111 117
112 130
118 141
128 148
140 153
151 158
161 162
170 163
178 160
186 155
193 149
198 140
201 131
202 121
203 112
138 75
146 70
155 68
165 70
173 75
188 81
194 81
200 84
204 90
204 96
179 90
179 96
180 102
180 108
165 112
170 115
174 117
179 118
182 117
148 85
154 84
159 85
162 90
157 89
152 87
183 98
189 96
193 98
196 103
192 102
187 100
147 124
157 122
167 123
171 125
176 126
181 129
183 135
178 140
171 139
167 138
161 136
153 132
149 125
165 125
170 127
174 128
181 134
173 136
169 135
163 133
