146 114
148 123
151 132
154 140
159 148
166 154
174 159
182 163
191 164
198 161
205 155
210 147
214 139
216 130
216 120
215 111
214 102
153 104
156 98
162 95
168 95
174 96
185 94
190 91
196 89
202 91
205 96
181 103
182 107
183 112
184 117
178 123
182 123
186 124
189 122
192 120
162 108
165 105
168 104
172 106
169 107
165 107
190 103
193 101
196 100
200 101
197 102
194 103
171 138
176 132
182 129
186 129
190 128
197 129
202 133
199 144
193 149
188 150
183 150
177 147
173 138
182 131
187 131
191 130
200 134
192 144
187 145
183 145
