133 248
134 258
137 268
140 277
145 286
151 294
159 300
168 304
178 305
188 302
198 296
206 289
212 281
216 270
217 259
216 247
215 234
135 236
138 231
143 228
149 227
155 228
171 224
177 220
185 218
192 219
199 223
164 236
165 241
165 246
165 252
160 260
164 260
168 260
172 258
176 257
143 243
147 239
151 238
156 240
152 241
148 242
177 236
181 232
186 231
191 232
187 234
182 235
157 277
160 271
166 268
170 267
175 266
183 267
192 271
186 280
178 284
173 285
169 286
162 284
159 276
167 271
171 270
175 269
190 271
177 279
172 280
168 281
