106 183
105 193
105 203
106 213
108 222
113 230
119 237
126 243
135 245
145 245
152 240
159 234
164 227
167 218
169 210
172 201
173 191
114 175
118 169
125 167
132 167
139 170
150 172
157 170
163 172
169 175
171 182
144 179
144 183
144 188
143 193
135 200
138 201
142 203
145 202
149 202
122 179
125 177
130 178
133 181
129 181
125 181
152 183
156 181
160 181
163 184
160 185
156 184
124 216
130 214
136 213
140 214
144 214
148 216
152 220
147 222
143 223
139 223
134 222
129 220
126 216
136 216
140 217
144 217
149 220
143 219
139 219
135 218
