343 134
345 144
347 155
351 166
357 176
366 185
376 191
387 195
399 194
411 189
422 182
433 173
442 162
447 150
446 135
443 120
440 106
343 123
344 114
351 108
359 105
368 105
380 99
390 93
401 90
412 92
420 99
375 112
376 118
376 125
377 133
372 142
377 142
382 142
387 139
393 136
354 125
357 121
363 119
369 120
364 122
359 124
392 112
397 107
402 106
408 107
403 109
398 111
369 159
374 154
380 151
386 150
392 148
403 146
416 147
407 157
398 162
391 165
385 166
377 165
372 158
382 153
387 152
394 149
413 148
396 159
389 161
383 162
