358 197
360 208
361 218
364 228
370 237
378 244
387 251
396 257
407 258
418 255
426 248
435 239
442 229
446 216
446 203
444 190
443 176
358 190
359 182
365 177
372 176
380 177
395 174
403 170
412 168
420 169
426 175
389 185
390 191
391 199
392 206
386 211
391 212
396 213
401 210
405 208
369 192
372 189
376 188
381 188
377 190
373 191
404 184
407 181
411 181
416 181
412 182
407 183
384 225
388 221
393 219
398 219
403 218
411 217
419 218
413 226
407 230
401 232
396 232
390 230
386 224
394 221
399 221
404 220
417 219
405 226
400 228
395 228
