233 236
233 244
234 252
235 260
237 268
241 275
246 281
252 286
260 288
269 287
277 283
284 278
289 270
292 262
294 253
295 244
296 235
237 229
239 226
244 224
249 225
254 227
265 226
270 224
276 223
281 224
286 227
259 231
258 237
258 243
257 249
253 252
255 253
258 254
262 253
265 252
242 234
245 231
249 231
252 234
249 234
245 234
269 233
272 230
276 230
279 232
276 232
273 233
247 262
250 260
255 260
259 260
263 260
270 260
276 262
270 268
264 270
260 271
255 271
251 269
249 262
255 262
259 262
264 262
274 262
264 267
259 267
255 267
