267 303
267 311
269 319
271 327
275 334
281 340
288 345
296 348
304 348
311 345
316 340
320 333
323 326
325 319
325 312
325 305
324 297
272 293
277 290
282 290
287 290
292 292
305 291
309 288
313 287
318 287
322 289
300 297
301 302
302 308
303 313
296 316
299 317
303 318
306 317
309 315
279 298
283 295
287 296
291 299
287 300
283 300
306 298
310 294
314 293
317 296
315 298
311 298
286 324
292 322
299 322
303 322
307 321
311 321
315 322
312 329
307 333
303 334
299 333
292 331
288 324
299 324
303 324
307 324
313 323
307 329
303 330
299 330
