146 75
147 85
148 95
149 105
154 114
161 121
170 128
180 132
191 133
200 132
207 126
213 119
217 111
220 103
221 94
221 86
221 78
160 65
165 60
172 57
180 57
187 59
201 60
206 59
212 60
217 63
218 68
194 66
195 72
195 77
196 83
186 89
190 91
194 92
198 91
201 90
169 69
173 67
178 67
182 69
178 70
173 70
201 71
205 69
209 70
212 73
209 73
205 73
174 100
182 99
189 99
194 100
198 99
203 101
207 104
202 107
197 108
193 108
188 107
181 105
176 101
189 101
194 101
198 102
205 104
197 105
193 105
188 104
